
Vertices
0    0.00,  1.50,  0.00
1   -1.50,  0.00,  0.00
2    0.75,  0.00,  1.30
3    0.75,  0.00, -1.30
4   -0.00, -1.50,  0.00

Faces
0   0, 1, 2
1   0, 2, 3
2   0, 3, 1
3   2, 1, 4
4   3, 2, 4
5   1, 3, 4

FaceVertexUVs for sphere  3 width, 2 high.
0   0.00, 1.00    0.00, 0.50    0.33, 0.50
1   0.33, 1.00    0.33, 0.50    0.67, 0.50
2   0.67, 1.00    0.67, 0.50    1.00, 0.50
3   0.33, 0.50    0.00, 0.50    0.33, 0.00
4   0.67, 0.50    0.33, 0.50    0.67, 0.00
5   1.00, 0.50    0.67, 0.50    1.00, 0.00
